3976.585693
3912.797119
3918.107910
3924.177490
3924.577637
3921.049561
3922.551514
3914.633789
3923.435303
3917.684570
3920.967773
3923.460449
3926.824463
3915.166016
3918.992920
3920.777344
3919.606201
3917.194336
3917.381592
3925.278809
3924.702637
3917.084717
3914.118896
3922.084473
3918.544678
3921.691650
3920.128906
3921.901123
3924.286377
3912.667480
3920.502930
3918.824463
3919.931885
3927.339355
3915.789795
3915.667725
3914.093506
3919.818604
3924.102539
3921.814453
3924.270508
3921.397705
3914.004395
3920.911133
3913.965088
3915.804688
3915.218262
3914.549805
3911.420410
3920.725586
3912.371338
3922.296631
3907.398438
3920.068604
3916.839600
3914.017578
3919.437500
3919.553223
3912.827393
3923.017090
3919.732666
3920.856934
3916.665771
3920.795654
3912.104980
3919.308838
3912.475098
3920.232666
3919.554199
3918.190430
3919.968018
3917.002441
3913.561523
3915.897217
4708.132324
3954.978516
3919.682861
3921.358154
3924.479980
3911.649414
3923.902588
3917.730469
3914.130127
3918.421631
3919.288086
3924.909668
3916.566895
3916.103760
3915.941650
3917.718750
3919.283447
3912.629639
3912.287109
3913.755615
3921.755615
3910.642822
3920.664063
3917.698486
3915.132813
3914.021973
3918.822998
3915.913330
3917.460449
3913.180664
3926.718506
3916.624023
3926.360107
3913.424316
3916.386475
3915.312012
3915.799316
3917.790771
3920.721680
3915.386475
3918.795654
3918.125977
3913.275146
3912.943848
3910.628906
3916.951660
3913.520752
3919.511719
3916.692139
3913.374512
3920.418945
3916.592529
3914.071289
3919.501953
3918.413330
3916.297607
3920.766357
3921.696289
3913.007324
3918.403809
