5859.234375
4785.696777
5787.355957
5790.817383
5792.310059
5796.105957
5800.704102
5790.723633
5788.008301
4791.831543
5791.459961
5796.042480
5798.360352
5785.664063
5790.910156
5796.223145
5787.013184
4792.468750
5789.725586
5801.652832
5794.796387
5790.694824
5788.911621
5801.345703
5797.170410
5799.958496
5796.866699
5793.974609
5794.103027
5850.316406
5801.764648
5792.531250
5792.556152
5799.798828
5800.020996
5802.104492
5799.549805
5802.427246
5803.891113
5800.189941
5806.252441
5794.269043
5789.887695
5794.366211
5788.144043
5788.827637
5791.484863
5787.450195
5787.672363
5793.127930
5790.019043
4793.304688
5786.687012
5793.168945
4792.261719
5785.218750
5795.547852
5796.685059
5792.595703
5793.198242
5798.429688
5797.388184
5791.604492
5794.329590
5790.036621
5795.505371
5788.531250
5792.726074
5795.072754
5792.037109
5799.254395
5795.177246
5795.386230
5789.244141
5800.237793
5795.053223
5795.422363
5796.826172
5793.700195
5795.481445
5801.317871
5799.602051
5797.437012
5798.349609
5804.438477
5804.128906
5796.643555
5789.108398
5804.247559
5790.761719
5797.682129
5782.323730
5786.493652
5789.261230
5799.687500
5796.686523
5799.263184
5797.618652
5794.815918
5794.904297
5800.783203
5792.075684
5798.398438
5798.674805
5802.579590
5789.747559
5792.280273
5787.620605
5792.882813
5788.934570
5792.825684
5795.195313
4794.953613
