188.450302
108.747490
105.584671
109.242592
104.293053
105.414879
105.183296
180.712479
105.711906
104.892067
108.673508
105.718658
107.542175
107.691971
105.868675
109.882401
112.431679
110.255005
108.191139
110.801346
106.501122
105.851395
106.911232
106.044930
110.310944
107.011459
106.545891
107.096931
108.772354
105.163200
107.232964
116.389854
104.722275
105.457184
104.135010
106.831810
105.782753
110.550941
105.009026
108.242020
108.056641
109.701759
107.734398
108.474564
109.654945
109.129219
108.365471
110.120193
106.223427
109.054176
109.798332
106.202141
107.200035
106.361794
104.427261
109.014816
106.306274
106.999550
107.743843
113.902908
163.915329
107.284927
107.443970
106.814178
106.718941
108.177376
104.590302
105.151970
105.131325
105.595840
105.275551
105.025284
103.933502
105.041885
104.520386
104.259842
105.953827
105.135551
105.336227
106.634979
107.718658
106.667267
106.256035
105.048317
107.758339
106.748962
105.334335
103.919327
103.285889
105.177376
106.085411
107.857567
105.872803
104.971680
105.347900
103.821442
107.112190
106.288483
106.353058
106.395683
106.696190
107.957794
108.149185
103.732002
111.837952
103.533119
108.208572
103.013885
104.879997
105.659683
106.003838
105.147011
106.888893
105.674400
106.001183
106.423073
106.284286
108.121086
105.082367
103.853699
107.333504
105.651230
106.616928
111.902397
109.281662
105.911263
105.714943
107.154274
107.534111
110.309441
105.846817
107.015869
104.514175
103.112801
103.412926
109.000702
102.868355
103.224609
102.875809
107.942879
105.180611
104.737724
105.367935
110.005440
106.192924
107.022911
107.181984
103.537727
104.551613
103.644928
103.239716
102.413437
106.768349
102.203171
106.126816
106.968994
109.157249
105.610878
107.361313
108.882881
106.647171
114.311996
106.954781
103.784286
110.073181
105.991615
108.443390
113.157951
109.130371
110.985313
107.713249
108.402306
106.980286
108.855293
111.062050
191.156647
102.941437
106.396675
104.788864
105.965187
104.618912
106.936066
103.382561
105.565376
105.088036
108.987167
107.642273
105.801727
104.655586
108.060158
106.046432
104.417252
104.111748
106.889053
102.293633
109.017021
103.214432
104.838882
104.057983
105.689117
109.692703
110.299873
111.798973
112.802628
111.958786
115.309853
113.912193
114.566399
116.707970
116.107140
113.919075
115.231651
115.945602
115.102722
118.212349
115.201820
114.821121
112.438972
115.823357
113.559998
110.033028
110.359581
110.276192
116.713341
112.463486
114.446465
112.234177
114.554466
112.282082
112.560608
114.227394
112.049889
111.775780
116.733665
112.661728
115.426750
110.362144
114.059616
111.871552
113.761955
114.923843
111.816765
114.027519
115.195457
110.434845
115.732643
115.409088
118.378113
115.735489
112.734528
112.966270
114.314079
122.626244
185.322937
118.199326
117.687584
114.665855
114.842110
114.105186
116.690750
110.682915
107.834717
112.860962
111.591743
108.887741
109.137604
110.299072
108.856163
109.138947
110.048546
109.347778
110.988579
110.554466
110.527199
109.787552
110.176193
109.668320
109.591553
109.625603
110.776733
110.389214
111.997246
111.852097
110.142883
110.332321
113.002724
112.824448
106.803520
110.793571
113.839523
112.939011
114.570686
117.942429
115.326111
116.506561
115.117088
115.379967
116.971107
113.980095
112.912575
113.942879
118.876740
118.506912
114.487358
112.690720
112.752800
113.963455
115.599136
115.688576
115.651680
115.635841
112.763199
113.584511
109.644096
114.310562
114.287651
118.007072
113.740799
112.766205
116.771904
113.990654
114.293373
112.912956
112.310593
113.051132
114.824158
112.615395
115.000351
114.930206
115.342430
112.878304
115.006561
112.155266
115.340446
112.993187
113.762047
111.512772
112.944099
111.537727
110.461502
110.819458
113.113922
115.023712
113.786819
114.215324
114.446175
111.106659
113.868065
114.244606
113.748772
113.643234
112.965508
114.288483
116.815361
115.099167
112.425278
113.204124
110.715485
116.497086
115.305344
114.911842
113.073471
112.208099
112.807198
113.810112
