4556.139160
4464.942383
4484.811035
4495.264648
4479.148438
4487.003906
4486.702637
4475.570801
4474.416992
4493.684570
4549.401367
4488.066406
4561.755859
4517.172363
4610.132813
4510.015137
4516.733398
4483.056152
4479.226563
4487.185547
4485.473633
4487.334961
4471.564941
4484.020020
4491.236328
4491.092285
4475.458496
4485.026855
4479.496094
4478.630859
4485.252441
4484.130859
4472.646973
4483.992676
4484.363770
4490.843750
4479.358398
4486.136230
4475.773438
4485.915527
4484.602539
4476.565430
4475.427734
4489.020508
4475.772461
4475.432129
4485.397461
4468.534668
4485.966797
4483.848145
4479.070801
4477.140137
4479.942871
4491.350586
4483.563477
4488.665527
4483.709961
4485.271973
4486.582031
4478.262207
4472.081543
4474.867676
4475.408203
4481.051270
4480.033203
4483.219238
4476.440430
4488.913086
4481.180176
4477.617676
4482.501465
4482.249512
4488.676758
4474.887695
4487.580566
4478.881836
4483.300781
4478.822266
4488.518555
4482.844727
4494.221191
4490.608887
4482.200684
4781.244629
4478.863281
4477.774414
4473.711914
4475.531250
4482.164063
4479.089844
4486.497070
4482.307617
4477.702637
4482.468750
4473.866211
4478.505371
4491.765625
4476.798828
4487.000488
4477.469238
4488.197754
4482.762695
4473.821777
4481.765137
4482.761719
4487.065918
4492.721680
4478.733887
4469.335449
4468.956543
4477.513672
4483.690918
4482.609375
4482.818848
4484.326172
4483.278320
4486.549805
4490.482422
4483.356445
4483.451660
4481.702148
4482.665527
4483.177734
4478.150391
4486.085449
4478.380371
4489.349609
4490.528320
4491.225586
4484.732910
4487.503906
4480.785645
4486.261230
4484.566895
4498.565430
4494.106934
4479.526367
4489.745117
4471.805664
4472.163086
4478.008789
4484.653809
4480.977539
4484.012207
4482.869141
4484.039063
4481.278320
4484.974121
4491.186523
4484.857910
4470.310547
4487.342285
4484.289063
4484.279785
4481.487305
4479.528809
4482.425781
4483.009277
4485.622559
4478.721191
4475.735840
4474.719727
4491.149902
4481.402344
4486.520508
4475.664063
4485.746582
4487.550293
4487.209961
4479.982910
4478.047363
4483.952637
4480.443359
4470.770020
4477.520020
4482.779297
4482.249023
4484.355469
4474.007813
4489.796875
4482.236816
4478.108398
4473.783691
4484.564941
4480.708008
4476.158203
4473.292969
4489.708496
4488.795410
4484.047363
4479.060547
4482.345215
4477.263184
4487.429199
4482.772461
4475.492676
4481.241699
4492.050293
4478.127441
4478.466309
4488.892578
4467.706543
4482.130371
4471.981445
4475.474121
4486.395996
4483.000000
4481.738281
4487.331543
4484.668945
4478.632813
4481.699707
4480.016113
4475.470703
4479.989258
4472.330078
4483.819824
4471.322266
4492.599609
4486.436035
4483.305664
4484.411621
4488.523926
4480.477051
4476.339844
4477.504395
4472.352539
4475.667969
4481.955566
4483.674316
4486.752441
4478.950684
4491.184082
4476.428223
4487.445801
4479.694336
4483.442383
4473.280762
4479.222168
4483.534180
4479.700684
4476.019531
4471.624023
4481.477051
4483.270996
4478.673828
4483.853516
4456.768066
4478.871094
4480.848145
4486.228516
4482.487793
4484.383301
4484.221191
4482.247559
4481.868164
4476.368652
4472.805176
4480.963379
4478.224121
4490.338379
4479.406738
4485.323242
4477.660156
4476.224121
4478.813965
4487.990723
4482.471680
4481.827148
4469.093750
4483.588379
4491.651367
4476.230469
4477.710938
4479.530762
4479.819336
4487.945801
4479.892578
4484.191895
4483.564453
4485.502441
4478.087891
4479.240723
4474.993164
4801.824707
4495.145020
4474.284668
4488.157227
4479.591797
4485.857422
4481.389160
4483.669434
4480.853027
4476.980469
4495.992188
4480.586426
4474.833984
4482.674805
4477.262207
4485.903320
4483.962402
4484.303711
4472.167480
4484.806641
4478.397949
4480.176270
4474.894531
4467.742188
4483.437012
4489.442383
4491.653320
4489.431152
4481.766602
4480.850586
4479.963867
4476.484375
4484.001465
4483.656738
4482.637207
4481.794922
4488.665527
4492.209961
4480.414063
4484.340820
4483.974609
4482.851074
4481.110840
4489.753906
4482.792480
4485.203125
4478.236328
4479.662598
4486.102051
4475.798340
4482.623047
4481.631836
4480.912109
4479.700684
4481.747070
4488.407715
4482.167969
4482.400391
4482.511230
4491.918945
4489.271973
4471.952148
4483.126465
4474.489258
4490.591309
4478.804688
4482.287598
4480.806641
4483.451660
4479.511719
4481.440430
4476.965332
4484.360840
4483.556152
4485.064941
4477.735840
4468.828125
4478.775391
4481.702148
4486.044434
4474.755371
4487.563965
4481.721191
4481.437988
4480.471680
4484.930176
4474.406738
4479.840332
4475.978027
4476.661621
4488.074219
4474.430176
4490.769043
4483.253418
4484.244629
4479.422852
4478.885254
4496.142578
4479.995605
4480.673828
4481.628906
4477.538086
4481.857910
4471.159180
4484.267090
4479.246094
4488.494141
4475.817871
4485.351074
4480.686523
4484.503418
4488.490723
4474.662109
4476.707520
4470.814453
4479.799316
4477.694336
4480.568848
4490.832520
4489.495117
4484.735840
4485.839355
4477.781250
4486.738281
4490.740723
4478.299805
4492.292480
4475.350586
4482.971680
4479.971680
4477.970215
4486.071289
4481.352051
4485.875977
4490.981934
4481.257813
4478.229492
4473.284668
4488.371094
4490.648438
4492.486816
4478.492676
4483.239746
4473.962402
4482.299316
4480.495605
4491.078125
4481.494629
4476.235840
4478.796387
4477.749023
4477.722656
4479.944336
4481.615234
4479.007813
4484.548828
4477.485840
4483.201660
4477.755859
4481.098145
4484.714844
4476.500000
4476.032227
4486.566895
4478.758789
4484.869629
4491.240234
4476.371094
4479.263184
4484.543457
4486.063965
4469.348145
4480.448242
4481.338379
4481.563477
4483.494629
4473.993652
4471.565918
4477.661133
4469.406738
4487.559082
4485.963379
4490.893555
4484.435547
4477.058594
4476.083008
4483.351074
4467.375488
4483.134277
4476.088379
4486.655273
4488.481934
4483.528809
4482.584473
4486.612305
4477.123047
4473.013672
4479.213867
4479.407227
4489.658203
4475.304688
5172.127930
4492.046875
4484.721191
4479.976074
4484.234863
4485.808105
4479.362793
4474.660156
4482.293457
4483.743164
4484.230469
4477.919922
4491.689453
4487.079590
4484.095215
4483.269531
4495.688477
4490.351074
4481.760742
4479.197266
4481.129395
4474.240234
4479.907715
4484.803223
4481.748535
4489.754883
4489.622559
4482.363770
4483.487305
4477.671875
4481.222656
4490.027832
4482.643555
4479.286621
4487.690918
4482.169434
4476.106445
4476.312500
4493.747070
4478.062500
4476.856934
4479.830078
4478.651855
4482.278809
4483.893066
4473.633301
4488.812012
4481.021484
4488.681152
4476.921387
4478.328125
4487.419922
4478.176758
4469.763672
4484.023438
4483.915527
4472.837891
4479.677246
4482.061035
4487.405762
4476.801758
4478.273438
4485.678711
4474.672363
4481.196777
4495.839355
4482.663086
4483.896484
4479.986816
4471.584473
4492.036621
4472.104004
4475.674805
4473.248535
4475.193848
4475.791504
4473.230957
4486.074707
4480.464844
4480.875977
4480.836914
4477.642090
4487.528809
4474.174316
4476.392090
4476.124023
4486.290527
4483.751465
4482.009766
4488.004883
4486.381348
4482.502930
4478.424805
4483.253418
4475.027832
4483.373047
4483.811035
4470.590332
4479.498047
4481.057129
4487.611816
4476.647949
4483.465332
4481.373047
4490.933594
4485.244629
4469.984863
4494.871582
4490.536621
4474.514648
4491.154297
4481.363770
4481.822754
4486.628418
4480.452637
4482.112305
4469.778809
4491.868652
4478.751465
4482.341309
4484.711426
4477.770508
4487.432617
4477.797852
4478.215820
4484.515137
4471.466797
4485.196289
4489.847168
4478.849121
4486.091309
4476.749512
4482.347168
4479.112305
4484.479980
4482.749023
4481.835938
4476.332031
4490.298828
4474.976563
4488.892578
4475.904785
4479.449707
4481.473633
4473.880859
4470.364746
4479.741211
4485.084961
4482.840820
4489.276855
4478.255371
4481.232422
4479.404297
4486.555176
4483.668457
4479.242188
4475.240234
4477.756836
4485.880859
4483.913086
4474.049805
4485.213867
4474.656738
4489.760742
4485.849121
4478.494629
4483.041992
4481.822754
4489.813477
4479.782227
4481.103027
4472.776855
4480.552246
4485.222168
4480.645508
4481.207520
4478.221191
4477.875000
4487.318359
4476.371582
4492.778809
4473.621094
4480.667480
4469.893066
4483.955078
4484.902344
4480.960449
4489.791016
4482.531250
4489.027832
4485.626953
4488.373047
4490.153809
4491.823730
4494.040039
4488.828125
4483.431641
4482.831543
4484.301270
4481.235840
4491.349121
5530.036621
4499.170898
4479.352539
4488.758789
4484.286621
4482.683594
4486.358887
4484.165039
4475.802246
4477.763184
4473.175781
4478.054199
4481.698730
4479.267578
4481.536621
4490.946289
4480.294922
4486.666992
4491.044922
4484.062500
4479.961914
4483.207520
4482.577148
4493.074707
4479.706055
4484.489258
4478.550781
4484.626953
4477.682129
4474.125000
4479.554688
4485.680176
4488.474121
4477.698730
4484.653320
4487.807617
4481.587402
4477.238281
4474.206055
4480.089844
4480.333008
4478.242676
4484.879395
4481.514160
4483.604492
4479.357422
4477.700195
4489.375000
4484.111328
4475.878906
4479.497070
4485.418945
4475.910156
4482.022949
4479.492188
4490.703125
4492.127441
4475.425293
4478.416992
4483.457031
4487.754395
4485.733398
4481.206543
4482.815918
4485.239746
4481.680664
4475.727539
4486.030762
4478.789063
4492.378418
4482.035156
4479.861328
4478.699707
4480.576172
4474.430176
4478.721191
4481.625977
4482.088867
4481.348145
4478.627930
4486.524902
4478.404297
4473.093262
4482.289063
4480.066406
4481.662598
4474.800781
4484.987793
4485.790527
4483.722656
4477.952637
4481.437012
4472.958496
4476.445313
4487.542969
4466.343750
4477.238281
4482.050781
4481.274902
4482.058594
4493.047363
4470.655762
4473.789063
4487.842285
4474.196777
4483.521484
4474.026367
4484.751953
4474.802246
4483.564453
4482.917480
4484.786621
4479.294922
4473.702637
4477.388184
4482.211426
4481.365234
4474.091797
4478.232910
4477.024414
4486.042969
4483.313477
4485.057129
4481.026855
4476.049316
4487.721680
4475.709961
4475.066895
4473.645996
4481.407227
4471.196289
4481.106934
4476.328125
4493.760254
4483.258789
4476.558105
4475.034668
4491.788574
4482.742188
4480.892090
4473.124512
4495.545410
4477.255859
4480.019043
4488.789063
4493.642090
4485.639160
4480.770508
4471.961914
4479.019531
4483.105957
4481.653320
4471.736816
4481.296875
4478.858887
4478.519043
4484.851074
4474.723145
4484.704102
4481.285156
4483.901855
4482.916504
4480.096680
4478.447266
4474.881348
4480.023926
4491.510254
4486.506348
4482.501953
4477.345703
4485.680664
4475.895996
4475.727539
4476.952148
4479.573730
4491.648438
4482.588379
4478.407715
4475.859863
4474.465332
4479.391602
4481.180176
4476.148926
4468.575195
4479.885742
4483.917969
4484.504395
4473.413574
4485.089844
4483.790527
4485.766113
4492.894531
4471.777344
4485.622559
4490.819824
4479.880371
4480.325195
4479.333008
4481.846680
4472.266113
4485.205078
5274.270020
4540.924316
4475.192383
4485.097656
4487.857910
4487.800293
4477.095703
4481.091797
4468.803223
4480.087402
4482.591309
4481.145508
4484.648926
4493.514160
4481.471680
4476.225098
4465.101563
4474.166992
4488.366699
4478.227539
4481.763672
4488.848633
4480.312012
4472.523438
4475.916016
4475.021484
4485.030762
4471.015625
4474.315918
4464.813477
4477.315430
4473.114746
4475.713867
4471.322266
4486.665527
4473.931641
4477.215820
4488.894531
4478.567871
4478.274414
4488.852051
4486.156250
4483.883789
4484.163086
4475.589355
4487.614746
4484.404297
4483.319824
4492.312988
4475.234375
4484.705566
4496.960938
4480.183594
4480.761230
4477.330078
4485.723633
4475.668945
4480.450684
4483.109375
4474.703125
4475.688477
4487.165527
4483.542480
4488.231445
4484.911621
4477.487793
4479.658691
4475.808594
4491.793945
4477.796387
4483.139160
4474.954590
4481.166992
4486.122559
4481.148926
4465.362793
4477.139160
4485.126465
4479.075195
4491.756836
4484.597656
4474.282227
4472.686523
4482.037598
4485.574707
4491.500977
4467.586426
4479.965332
4488.117676
4484.129883
4474.694336
4484.161621
4479.853516
4486.738281
4478.726563
4471.195801
4482.135742
4488.952148
4486.888184
4485.597168
4488.468750
4478.808105
4484.611328
4483.922852
4479.025391
4487.953125
4487.023438
4485.395996
4480.704590
4477.548340
4480.153809
4477.701172
4484.203125
4495.520020
4482.293457
4481.877930
4485.309082
4490.734863
4476.287109
4472.083984
4483.071777
4482.692383
4485.485840
4474.858398
4490.209961
4486.592285
4481.292969
4481.246094
4483.430176
4492.234863
4483.272461
4481.473633
4477.835449
4481.671875
4486.114258
4478.881836
4482.987305
4482.501465
4470.070801
4478.293945
4481.719727
4482.497070
4486.926758
4488.582520
4485.702148
4465.853516
4481.182617
4480.197754
4474.356934
4481.210938
4481.729492
4493.649902
4474.440918
4476.765137
4472.159180
4482.088867
4478.726563
4488.068848
4488.475586
4478.956055
4468.985352
4490.494629
4479.325684
4476.645996
4482.594238
4479.051270
4487.325684
4477.171875
4478.700684
4483.512695
4484.672852
4493.121582
4480.938965
4477.567871
4486.063965
4487.577637
4493.216797
4479.706543
4491.286133
4496.058594
4476.843750
4483.132813
4484.422852
4485.979004
4480.259277
4489.341797
4487.582520
4476.963379
4484.324219
4491.126953
4474.936035
4488.647949
4476.531250
4480.406250
4493.310547
4489.303711
4480.041016
4490.740234
4479.341309
4474.095215
4476.779297
4482.615723
4797.997559
4481.679199
4484.404297
4483.300293
4477.164063
4485.692871
4483.237793
4490.222656
4490.952637
4483.241699
4478.249512
4481.941406
4484.463379
4486.563965
4486.112793
4484.097656
4485.775879
4471.403320
4485.769531
4484.417480
4478.249512
4489.524902
4477.621582
4484.400391
4482.952148
4480.565918
4483.366211
4475.866699
4476.479980
4485.353027
4473.278809
4481.561523
4483.315430
4473.921387
4481.039551
4482.793457
4489.200684
4481.000488
4479.822754
4483.987793
4483.904785
4485.361816
4481.150879
4476.709961
4483.791992
4473.282715
4475.134766
4484.651855
4479.423340
4473.212891
4484.266602
4483.567383
4479.718262
4480.817383
4486.101563
4483.136230
4486.207031
4480.446777
4465.683105
4471.242188
4483.108398
4476.451172
4478.265625
4489.230469
4483.720215
4489.883789
4487.187012
4472.812012
4488.629395
4477.943848
4482.737793
4475.762695
4484.769043
4487.538086
4477.099121
4486.572266
4478.849609
4478.412598
4479.337891
4481.474121
4488.083008
4487.755371
4479.345215
4484.572754
4474.311523
4486.986328
4486.944824
4476.756836
4477.366211
4486.685059
4480.800781
4484.321777
4479.823730
4477.256836
4485.899414
4464.644043
4473.921875
4480.619629
4479.269531
4473.508789
4474.434082
4485.971680
4473.611328
4485.401855
4478.097656
4482.908203
4483.341309
4486.355957
4476.179688
4491.665039
4479.404785
4488.780762
4479.407715
4480.295898
4479.280762
4482.398438
4487.355957
4481.833008
4479.100098
4475.886719
4487.122559
4489.333008
4481.096680
4470.900879
4473.817383
4488.621582
4468.840820
4475.440430
4481.366699
4488.788086
4484.540527
4488.317871
4481.321289
4479.370117
4472.500977
4478.896973
4480.947266
4477.097656
4483.754395
4486.878906
4482.026855
4481.215820
4475.160645
4475.933105
4486.718750
4480.934082
4479.059570
4475.107910
4482.583008
4489.636719
4476.669922
4491.204590
4478.819336
4477.209473
4477.930176
4483.411621
4483.652832
4479.375977
4488.742676
4478.176270
4477.221191
4471.133789
4481.012695
4485.219727
4483.579590
4477.380371
4485.407227
4480.714844
4482.244141
4475.467285
4477.295410
4485.134277
4479.773926
4476.719727
4483.282227
4477.791504
4481.000488
4477.346680
4477.313965
4472.498535
4475.502930
4483.201660
4485.777344
4483.424805
4472.190430
4476.750488
4479.880859
4480.991699
4483.318359
4480.417969
4478.880371
4484.595215
4492.162109
4486.544922
4483.184570
4492.568359
4485.895996
4491.224121
4479.005859
4482.319824
4478.854980
4800.699707
4472.773438
4478.327637
4486.579590
4476.304688
4483.173828
4485.691406
4485.010254
4487.214844
4485.895020
4479.979492
4474.983398
4478.452637
4478.900391
4494.987305
4478.082031
4485.491699
4489.945313
4481.123047
4477.883301
4482.432129
4487.282227
4478.991211
4482.228516
4483.289063
4468.837402
4478.585938
4489.531250
4482.894043
4476.030762
4473.372070
4480.312988
4481.776855
4479.907715
4477.510254
4469.954102
4474.786133
4487.428711
4482.124512
4476.766602
4475.154297
4483.998535
4498.301270
4485.466797
4487.988770
4476.257813
4481.665527
4478.217285
4482.533203
4480.943359
4477.427734
4477.892090
4482.609375
4492.400391
4476.871582
4487.026367
4488.696289
4481.142578
4474.444336
4477.298828
4474.276367
4482.372559
4489.579102
4481.008301
4472.480957
4486.491211
4488.724121
4464.016113
4482.150391
4480.254395
4477.818848
4483.059570
4481.360352
4481.495117
4480.881348
4479.475098
4488.233398
4483.031250
4478.728516
4490.181152
4479.810547
4485.712402
4483.244141
4480.854004
4488.502930
4486.720215
4470.357422
4471.480957
4486.296387
4480.509766
4476.699219
4483.892090
4474.722656
4477.936523
4477.427734
4478.622070
4479.796387
4475.099121
4482.187988
4483.598633
4477.482910
4484.559570
4475.433594
4479.309570
4482.923828
4479.057617
4487.246094
4482.266113
4485.901855
4479.213379
4483.811035
4477.313965
4478.383301
4471.499512
4478.476563
4478.582520
4482.362793
4487.672363
4474.360352
4479.561035
4482.905762
4475.616211
4484.549316
4480.954102
4475.341797
4483.722656
4473.711426
4489.480469
4470.714844
4475.174316
4479.916992
4488.076172
4478.254395
4482.292969
4477.623535
4480.603027
4491.920410
4469.548828
4480.518066
4488.202637
4474.588867
4474.691895
4476.936523
4491.884277
4477.579590
4477.175293
4473.068359
4482.016113
4484.000488
4476.879883
4486.567383
4475.670898
4486.867188
4478.553711
4481.056152
4484.238770
4492.165039
4488.238770
4486.224609
4484.156250
4491.608887
4478.191895
4488.487793
4479.992676
4484.403809
4491.391113
4482.061523
4479.506348
4485.635254
4479.571777
4488.050781
4481.302246
4481.074219
4479.241699
4496.994629
4484.860840
4477.597656
4469.108398
4480.128906
4486.339844
4476.555664
4488.696777
4484.313965
4486.993164
4471.170410
4484.380371
4483.779785
4475.638672
4477.113770
4482.770508
4490.817871
4477.110352
4481.867188
4474.495117
4483.296875
4487.837891
4474.341309
4480.993652
4482.195313
4485.119629
4490.154785
4792.336426
4492.865723
4480.148926
4481.090820
4490.238281
4485.371582
4483.109863
4491.546387
4476.982910
4476.293945
4486.289551
4463.496582
4479.856445
4488.801758
4479.596680
4473.649414
4474.829102
4471.827148
4478.594238
4481.488281
4481.233887
4467.075195
4484.410156
4476.943359
4479.454590
4478.758301
4487.635742
4484.856445
4476.697266
4483.963379
4485.148438
4477.754395
4479.387695
4489.907715
4485.238770
4485.559570
4476.667480
4483.167969
4475.947266
4479.083008
4473.652344
4483.116211
4474.076660
4470.444824
4494.146973
4474.698730
4480.925293
4481.235352
4483.021484
4482.455566
4494.159668
4475.193848
4483.157227
4486.908203
4473.515137
4481.644531
4471.869629
4483.021973
4482.992188
4480.222656
4492.715820
4479.554688
4478.269531
4484.306641
4476.195313
4489.746582
4483.738281
4486.723145
4478.580078
4474.624512
4480.126953
4478.053223
4478.011230
4476.404785
4480.462402
4475.667480
4473.621582
4478.629395
4483.841797
4485.163574
4482.101563
4479.783203
4479.608398
4478.271484
4482.838379
4477.236328
4488.893555
4473.232910
4484.139648
4480.603027
4475.876953
4469.400391
4487.609375
4477.752930
4480.474121
4478.180176
4483.267578
4475.548828
4486.103027
4481.249512
4481.179199
4481.486816
4487.105469
4477.042480
4489.643555
4481.990234
4479.805176
4484.425781
4488.981934
4476.983398
4480.445313
4476.249512
4476.649414
4474.895020
4480.056152
4486.828613
4475.825195
4465.433105
4479.173828
4479.221191
4484.066895
4480.151855
4479.115234
4488.216797
4475.964355
4485.769043
4467.674805
4481.956055
4482.834961
4474.053711
4469.336426
4480.130371
4466.074219
4474.995605
4484.564453
4478.888184
4492.365723
4485.969727
4483.875488
4478.879395
4487.476563
4476.944336
4483.537109
4476.571777
4482.749512
4481.083496
4472.972656
4483.756836
4488.210449
4486.219238
4478.571289
4478.232910
4484.144531
4473.024902
4467.855469
4481.715820
4482.859863
4476.244629
4464.566406
4480.355957
4480.677734
4475.676758
4478.862305
4479.397949
4480.025879
4483.897949
4477.457520
4474.058105
4480.268555
4555.262207
4486.799316
4545.933594
4482.299805
4531.898438
4481.152344
4474.634766
4485.751465
4489.123535
4478.031250
4493.001465
4484.077637
4465.770508
4487.036621
4479.116699
4480.129395
4475.231934
4481.761230
4495.741699
4479.975098
4490.895020
4480.818359
4480.558594
4483.612305
4477.239746
4484.099609
4472.713867
4496.533691
4486.680664
4474.412109
4481.397461
4479.654785
4712.742676
4481.798828
4475.825195
4481.322754
4484.791016
4478.850586
4475.466797
4489.907227
4480.167969
4480.011230
4470.210449
4479.660645
4483.843750
4492.093750
4487.693359
4479.310547
4488.073730
4477.961426
4481.578613
4485.003906
4480.755859
4481.129883
4485.028320
4475.121582
4474.694336
4480.884766
4489.867188
4482.259277
4476.693848
4476.050293
4482.957031
4479.052734
4470.948242
4481.492188
4477.018066
4479.295410
4476.465820
4478.280273
4482.389160
4471.781738
4488.024414
4479.479980
4489.829590
4476.348145
4480.538574
4480.425293
4474.041504
4483.358398
4472.734375
4483.463379
4491.534180
4474.931152
4494.829102
4483.062500
4469.029297
4478.543457
4483.733398
4479.590820
4472.955078
4476.905762
4491.616699
4483.697754
4482.309082
4482.277344
4484.280762
4482.416992
4479.791504
4480.478516
4475.286621
4476.840332
4480.121094
4475.154297
4478.361816
4471.819824
4490.429199
4483.390625
4478.112305
4481.516602
4476.160645
4478.280273
4481.544434
4476.844238
4473.710938
4484.100586
4488.037109
4485.313477
4486.412598
4475.018555
4481.671387
4477.802734
4486.077637
4477.193848
4481.226563
4485.283203
4480.268066
4469.820801
4489.881836
4491.500488
4478.484863
4478.537598
4475.437988
4481.520508
4478.084961
4475.466797
4480.793945
4481.373535
4477.915527
4488.397949
4479.388184
4478.071777
4481.885742
4479.711914
4483.502930
4488.121582
4484.651367
4474.009766
4490.791504
4484.625977
4476.255859
4482.049805
4477.687012
4478.705566
4487.105469
4486.233887
4472.852051
4481.561035
4475.700195
4476.974121
4478.813477
4491.195801
4475.829590
4484.847656
4475.102051
4477.763184
4478.252930
4482.660156
4480.729492
4488.868164
4486.092773
4482.238770
4484.604980
4483.935059
4487.618164
4482.369141
4480.757324
4476.979004
4474.562012
4477.339355
4485.113281
4477.273926
4480.360840
4486.604004
4485.860840
4475.186523
4484.585938
4479.830566
4481.316895
4489.278320
4485.473633
4469.979980
4479.036621
4491.442871
4483.499023
4479.560059
4499.430176
4482.081055
4484.002930
4480.769531
4476.354004
4482.268066
4477.467773
4482.883789
4481.112793
4473.500000
4480.025391
4470.036133
4477.176270
4473.756348
4483.176758
4484.295410
4485.443848
4483.617676
4475.789551
4484.222656
4481.349121
4485.966309
4484.802246
4483.888184
4484.118652
4478.475586
4471.963379
4481.390137
4483.087891
4484.496582
4487.907227
4482.907227
4482.916016
4473.188477
4481.790039
4486.588867
4480.983398
5064.253906
4492.072754
4481.039063
4479.987793
4480.454590
4479.343262
4485.366211
4488.462402
4474.250977
4465.910156
4470.584473
4474.514648
4469.674316
4488.570801
4473.646973
4473.990234
4479.839844
4478.613281
4476.237793
4479.289551
4480.369629
4479.698242
4477.402344
4484.210449
4483.664063
4488.895020
4481.729492
4474.085449
4476.341309
4483.284668
4472.255371
4481.823730
4466.370605
4478.716797
4484.351074
4486.953125
4486.862793
4471.009766
4484.971680
4484.568359
4471.443359
4472.452637
4473.728516
4478.720215
4482.298340
4486.432617
4475.379395
4487.580078
4478.179199
4465.106934
4480.793457
4478.668945
4472.466797
4489.059570
4492.090820
4479.374512
4478.637695
4474.225586
4492.073730
4486.164551
4478.837891
4481.274902
4484.237305
4486.650879
4487.436523
4480.785156
4485.846680
4483.437988
4476.137695
4483.751953
4484.882813
4486.518555
4481.481445
4466.453613
4477.398926
4472.750977
4486.964355
4478.632813
4482.397949
4484.562012
4487.503906
4482.193848
4485.849121
4485.979980
4482.509766
4484.667480
4472.269531
4476.097656
4485.760742
4480.529785
4479.273438
4488.282227
4482.270996
4478.784180
4486.124023
4476.034668
4489.768066
4482.983887
4476.083008
4487.152832
4482.589844
4482.955566
4480.296387
4478.528320
4486.665039
4481.860840
4476.765137
4475.148926
4481.176758
4488.885742
4483.011230
4468.479492
4473.354980
4487.771484
4469.864258
4487.711914
4498.548828
4486.042969
4484.847656
4475.957031
4483.114258
4480.329590
4482.681641
4487.502930
4488.049316
4485.063477
4485.405273
4492.879395
4480.341797
4481.853516
4485.067383
4477.365234
4471.642090
4488.321289
4481.997559
4475.542969
4483.424316
4482.097168
4492.647949
4472.232422
4486.825195
4481.271973
4478.150391
4470.527344
4477.785645
4481.459473
4478.170410
4478.188965
4486.863770
4483.933594
4488.460938
4476.737793
4475.210449
4478.183105
4478.069336
4481.188477
4484.681641
4474.725586
4480.919922
4474.085938
4470.937012
4479.543457
4472.651367
4485.868652
4477.806641
4476.653320
4488.766602
4473.573242
4477.979004
4490.902344
4492.190430
4480.670898
4487.808594
4475.680664
4481.173828
4485.771484
4487.666016
4475.633301
4483.815918
4491.567383
4482.985840
4487.033203
4475.124512
4479.395020
4473.310059
4483.131348
4475.661133
4479.189941
4479.779785
4482.918457
4484.672363
4475.692871
4481.967285
4474.416016
4481.402832
4471.160645
4487.999512
4482.755371
4475.820801
4472.926758
4482.368652
5142.206543
4550.730957
4483.004883
4479.475586
4469.753906
4480.022949
4490.809570
4491.333008
4496.021484
4484.752930
4478.882324
4483.582031
4485.601563
4478.302246
4479.883301
4476.938477
4467.834473
4488.073242
4489.284180
4485.564941
4480.287109
4482.196777
4480.812988
4474.849609
4476.475586
4490.180176
4483.207520
4481.030273
4482.268066
4481.839355
4475.607422
4470.091309
4488.732910
4485.744629
4476.056152
4475.519043
4486.004883
4479.562988
4484.522461
4482.916992
4483.941895
4480.028320
4477.170410
4474.974609
4485.740234
4476.327637
4473.541504
4485.731445
4476.443359
4474.476074
4482.659668
4480.458496
4472.363281
4496.114258
4478.688477
4479.974121
4490.948242
4476.011230
4479.616211
4484.533203
4473.443359
4475.831055
4474.308105
4475.563477
4477.561035
4484.194336
4476.046387
4483.112793
4475.666504
4494.852051
4471.625488
4480.479980
4482.600586
4496.578613
4478.483398
4478.622070
4488.127930
4476.851563
4477.562012
4484.151367
4493.848145
4486.093262
4484.322266
4473.437012
4480.330566
4482.424805
4473.186035
4470.741211
4485.233887
4471.031250
4476.643555
4484.865723
4486.469238
4486.330078
4472.039551
4478.373047
4481.537109
4485.466797
4478.705078
4483.062988
4482.488281
4476.013184
4489.748535
4480.752930
4476.440430
4483.333008
4475.138184
4481.847656
4486.286133
4484.756348
4486.806152
4489.756348
4485.457520
4471.999512
4475.862793
4478.116699
4482.980957
4480.243652
4482.216797
4483.963867
4487.652832
4488.347168
4470.994141
4483.138672
4477.713379
4486.126465
4486.987793
4487.788574
4500.087891
4470.612305
4491.711426
4479.168457
4479.056641
4488.110352
4484.987793
4481.099121
4478.967773
4484.785645
4482.163574
4481.161621
4475.242676
4475.763672
4473.870117
4487.687500
4476.965332
4476.344727
4486.591309
4486.200684
4487.743164
4481.427246
4478.782715
4475.213379
4483.419922
4476.528320
4482.216309
4487.100098
4488.001465
4485.458496
4474.005859
4479.171387
4482.897461
4479.864746
4478.476563
4480.794434
4486.298828
4475.730957
4478.533691
4479.148438
4476.667969
4478.016113
4471.130371
4482.012695
4480.533203
4486.930176
4477.091797
4485.701172
4479.261230
4471.356934
4477.944336
4485.572754
4483.081543
4477.834473
4483.083496
4482.257813
4483.990723
4477.186035
4472.889160
4479.876953
4477.201660
4480.032227
4482.400391
4481.899414
4495.686035
4483.036621
4479.900391
4478.438477
4482.870117
4476.815430
4476.246582
4472.078613
4481.532715
4951.273926
4709.208496
4475.540039
4486.267578
4484.367676
4473.321289
4475.433594
4489.723145
4493.323730
4490.879883
4480.457520
4480.909180
4482.002930
4483.589355
4476.453613
4478.533691
4478.640137
4482.846191
4479.592285
4481.378418
4488.145020
4471.524414
4486.714844
4476.320313
4483.626953
4477.766602
4476.037598
4492.244629
4485.270996
4485.810547
4481.294922
4485.944336
4481.938477
4483.938477
4486.912598
4492.851563
4488.380371
4475.743652
4477.927246
4477.056641
4484.416504
4479.468750
4482.490723
4485.892090
4488.035645
4477.327148
4473.403809
4474.498535
4478.208984
4493.557129
4480.051758
4476.861328
4477.687012
4482.541016
4485.052246
4476.346680
4487.058105
4482.150391
4480.078125
4473.784180
4481.274414
4483.536133
4482.486816
4482.921387
4476.971191
4480.234863
4476.785645
4474.757813
4485.225586
4475.731934
4482.556152
4487.290527
4481.577148
4479.430664
4476.882813
4487.962402
4480.765137
4494.089355
4483.169922
4483.269043
4479.659668
4490.960938
4473.645508
4486.004395
4488.527344
4477.457520
4490.558594
4477.636230
4491.320313
4476.236816
4485.165039
4481.042480
4470.863281
4482.614258
4491.379883
4485.487793
4489.113770
4469.557129
4471.812012
4488.962402
4467.944824
4486.245117
4474.645020
4477.255371
4481.686035
4475.455078
4481.156250
4481.063965
4484.948730
4489.590820
4481.857422
4479.962891
4485.622070
4482.663574
4474.482910
4486.346191
4486.298828
4486.492676
4480.162109
4484.588379
4483.448730
4482.187988
4481.368652
4491.241211
4483.225098
4476.213379
4481.870605
4475.447754
4473.923340
4472.869141
4474.181641
4481.273438
4484.986328
4485.126953
4488.858398
4471.760254
4476.496582
4487.442383
4488.124512
4487.304688
4478.380859
4483.266602
4473.880371
4474.819336
4486.371582
4480.527344
4479.535156
4477.149414
4486.227539
4487.414063
4478.425293
4478.004395
4480.961426
4488.537598
4475.511230
4479.724609
4485.673340
4483.295898
4478.441895
4470.645996
4480.270508
4481.748047
4482.602051
4485.208496
4489.956543
4481.524902
4480.766602
4484.348633
4477.893066
4480.262207
4489.741211
4480.832520
4488.941406
4480.187012
4476.104004
4473.064453
4493.144043
4481.084473
4478.706543
4477.592773
4479.366699
4489.189941
4484.286621
4483.243652
4482.970703
4483.416504
4485.998047
4474.902344
4483.706543
4482.836914
4485.449707
4481.735352
4482.544434
4482.540039
4477.826660
4481.352539
4486.490723
4480.653809
4470.487305
4482.917969
4479.987305
4500.435059
4784.708496
4470.881348
4488.170898
4480.509766
4470.240234
4484.456543
4479.673340
4478.632813
4480.292969
4478.302734
4478.656250
4482.569336
4478.155762
4467.560059
4475.700195
4478.656250
4477.030762
4489.720215
4473.994141
4470.979004
4486.199219
4486.080078
4482.444336
4492.197266
4478.171875
4465.893555
4490.284668
4486.558105
4475.764160
4475.449219
4487.385742
4486.144531
4479.463867
4474.989258
4478.278809
4488.704102
4486.102051
4487.846191
4481.981934
4469.395996
4484.362305
4480.370117
4475.933594
4482.291504
4480.749512
4480.887695
4479.928223
4485.131348
4485.703125
4478.758789
4476.082520
4490.957520
4488.334961
4478.161621
4483.066895
4480.619629
4482.132813
4495.786621
4478.960449
4473.008789
4476.704590
4487.657715
4481.320313
4479.163086
4483.132324
4485.979004
4479.593750
4484.563965
4477.875000
4491.000488
4480.111816
4485.177734
4488.934082
4491.513672
4485.896484
4489.184082
4480.304688
4479.125977
4488.083008
4477.215820
4485.189453
4480.184570
4484.382813
4475.713379
4490.322266
4482.516113
4469.658691
4479.318848
4481.539551
4487.504395
4489.159180
4478.844238
4477.666016
4487.342773
4481.281738
4487.584473
4486.658203
4482.790527
4476.267090
4479.467773
4485.583496
4487.282715
4485.433594
4479.576660
4474.427734
4476.744629
4492.816406
4476.604004
4472.866699
4476.085938
4478.297363
4480.887695
4478.066406
4487.123047
4480.459961
4482.871582
4470.079102
4483.199707
4483.869629
4488.009277
4479.760254
4481.425293
4482.099121
4476.909180
4491.605469
4481.130371
4479.596680
4475.650879
4475.742676
4486.418945
4476.645508
4475.203613
4483.341309
4478.902832
4479.639648
4472.792480
4477.646484
4476.766113
4484.342773
4475.619629
4482.734375
4482.789551
4473.723633
4486.589844
4489.448242
4474.020508
4486.666016
4482.611328
4487.251465
4475.646484
4489.093750
4483.898438
4474.738770
4488.040527
4473.336426
4472.712402
4487.740723
4475.100586
4483.083984
4484.873535
4472.700195
4478.675293
4470.214355
4474.946289
4479.341309
4486.997559
4478.197266
4481.842773
4479.560547
4486.109863
4472.987305
4485.158203
4475.354492
4474.687500
4493.479980
4485.554199
4477.408203
4479.242676
4479.724609
4487.128418
4485.980957
4488.275879
4480.555176
4482.824707
4468.182129
4483.737305
4483.961914
4477.840820
4481.123047
4469.941406
4482.320313
4474.481934
4481.950195
4470.168457
4482.137695
4484.887695
4485.636230
4482.949219
4475.780273
4474.589844
4479.549316
4809.639648
4481.832031
4473.864746
4479.239258
4492.428711
4478.554688
4476.839355
4478.792969
4492.688965
4479.114258
4485.153320
4486.322266
4473.899414
4479.848633
4475.932129
4471.643066
4478.865234
4483.110840
4479.742188
4472.270020
4478.023926
4475.933105
4470.659668
4483.569336
4482.366699
4477.423828
4472.821777
4475.097168
4481.360840
4479.567383
4481.557617
4482.639648
4482.912598
4478.089844
4485.935059
4477.722656
4479.766113
4480.717773
4489.998535
4481.571289
4488.474121
4484.206055
4471.771484
4481.473145
4479.748047
4479.645996
4487.804688
4474.639160
4475.422363
4493.413086
4484.405273
4477.489258
4488.828125
4476.706055
4474.387695
4485.284668
4483.673340
4478.865234
4478.553223
4484.334961
4476.149414
4483.281738
4471.836914
4482.127441
4486.124512
4482.396484
4474.357422
4483.706543
4480.294922
4480.283691
4490.576172
4471.554199
4486.774902
4482.739258
4487.603516
4474.502441
4486.083984
4480.955078
4472.494629
4476.037109
4480.819824
4486.755371
4479.383301
4482.086426
4479.135742
4478.512207
4489.297363
4476.997559
4489.125488
4476.763184
4478.291504
4478.928711
4484.266602
4478.186523
4490.493164
4482.356445
4478.616211
4479.466309
4493.161621
4483.753418
4478.436523
4481.589355
4482.949707
4475.540527
4478.065430
4482.275391
4478.960449
4500.702637
4472.435547
4477.915039
4486.984863
4486.839844
4488.916992
4478.072754
4483.896484
4483.998047
4476.321289
4484.226563
4479.175293
4483.078613
4486.012695
4482.097656
4474.320801
4484.189453
4483.846680
4479.778320
4481.847656
4481.770996
4478.964844
4485.308594
4483.566895
4482.192871
4469.897949
4482.122070
4497.237305
4474.725586
4476.805176
4473.306641
4480.929199
4478.775391
4486.823730
4481.916504
4489.106445
4480.381348
4480.087402
4474.949219
4487.860840
4475.131836
4483.204590
4484.735352
4479.602539
4479.914551
4497.394531
4481.460938
4483.837402
4486.099609
4485.479980
4486.029297
4480.854004
4475.262695
4477.126465
4482.033203
4480.981934
4481.135742
4484.165527
4485.571289
4477.971191
4482.748535
4482.702148
4476.301270
4476.646484
4481.640137
4478.061523
4473.795898
4485.706055
4490.681152
4480.458984
4488.747070
4477.651367
4483.984863
4473.560059
4479.288086
4481.482910
4474.779297
4486.881836
4483.678223
4475.112793
4473.264648
4483.791992
4485.229980
4483.251465
4477.104980
4479.308594
4479.758789
4477.731934
4481.064453
4481.374512
4485.836426
4474.652832
4478.546875
4477.237793
4643.581055
4472.765625
4475.233887
4482.639160
4481.915039
4495.490234
4467.916992
4485.878906
4477.234863
4486.875488
4480.167969
4492.505859
4479.688477
4482.883301
4484.689453
4478.340332
4481.828125
4493.012207
4484.463379
4488.108887
4478.349121
4472.635742
4479.558594
4483.939453
4460.607910
4474.449707
4482.383789
4475.706543
4476.036621
4475.373535
4474.509277
4481.874512
4480.115723
4487.672852
4475.815918
4477.738281
4491.458008
4484.250488
4486.281250
4478.538086
4476.528809
4486.138672
4478.073242
4482.553711
4485.963867
4480.321289
4475.027344
4476.930176
4474.392578
4480.313965
4479.652344
4477.955566
4488.042480
4483.129395
4471.855957
4487.707031
4479.694824
4479.893555
4483.476563
4481.806641
4481.207031
4483.888184
4475.898926
4480.669922
4482.649902
4475.340332
4491.457031
4483.558105
4483.083008
4478.968750
4484.130371
4481.429199
4470.148438
4478.691895
4482.921387
4482.921875
4472.613770
4475.493652
4488.942871
4478.984375
4475.935059
4476.163574
4490.717773
4478.477539
4480.396973
4478.413574
4477.416016
4479.631836
4481.682129
4480.188477
4472.270996
4485.734375
4464.751465
4480.273438
4480.946289
4478.574707
4485.771484
4478.080566
4484.138672
4483.475586
4482.670410
4483.607422
4473.151855
4475.234863
4486.394043
4491.043457
4485.665039
4481.364258
4487.704590
4488.658203
4474.336914
4481.927734
4476.814941
4479.305176
4485.351563
4477.603516
4489.413574
4481.566406
4473.100586
4487.509766
4483.652344
4487.387207
4479.078125
4487.229492
4482.640625
4473.789551
4483.673828
4477.933105
4482.584961
4485.113281
4478.611816
4487.657227
4485.873047
4480.414063
4481.486328
4484.960938
4477.710449
4482.629395
4479.740723
4483.190430
4492.376953
4479.754395
4480.454102
4477.911621
4486.443848
4480.147461
4473.089355
4485.783203
4476.953613
4488.452148
4486.788086
4481.447754
4481.902832
4478.811523
4489.636719
4477.205078
4479.350586
4483.080078
4468.633789
4478.822754
4480.216309
4474.003906
4472.475586
4484.333984
4469.993164
4483.821777
4483.833984
4487.171875
4481.472656
4481.302734
4480.875488
4479.045410
4478.736816
4486.458984
4480.213379
4485.378906
4490.061523
4464.256348
4479.010742
4489.394531
4476.616211
4479.287598
4490.552246
4485.812500
4460.723633
4476.130859
4473.193359
4486.681641
4481.178711
4481.588867
4486.464355
4485.946289
4473.661621
4483.189941
4482.959473
4477.964355
4478.463867
4489.681152
4481.336914
4480.355957
4481.858887
4797.584473
4485.800293
4473.955566
4476.943359
4480.667969
4476.521973
4481.066406
4487.400879
4487.668457
4481.577148
4484.431152
4482.447754
4480.581543
4481.289551
4475.610352
4481.013672
4474.721680
4469.754395
4481.078125
4484.706055
4476.420898
4474.379883
4477.051758
4488.571777
4474.484375
4478.803711
4488.127441
4597.713867
18338252.000000
4529.673828
4585.157715
4581.594238
4566.054688
4590.888672
4550.118652
4588.277832
4504.353516
4513.572266
4508.048340
4468.707031
4471.937988
4484.764648
4474.081055
4478.678711
4475.958008
4485.164551
4480.315918
4481.217285
4480.215332
4484.135742
4479.603027
4477.787109
4476.769531
4473.154297
4484.519531
4482.660156
4485.100586
4487.486328
4492.843750
4485.686035
4481.003906
4485.558105
4488.732422
4492.636719
4492.024414
4483.537598
4488.100098
4485.894531
4489.424316
4485.439453
4491.192871
4483.606445
4484.296387
4479.236816
4478.372070
4465.504883
4482.390625
4479.307129
4480.829102
4473.294922
4478.723145
4479.078125
4478.393066
4475.686035
4485.018555
4486.197754
4478.751465
4488.969238
4491.500488
4487.446289
4490.597656
4485.122559
4484.873535
4484.634766
4477.616211
4482.337891
4478.535645
4482.952148
4483.787109
4470.736816
4472.947754
4480.200195
4472.224609
4477.785156
4470.351563
4479.481445
4484.706055
4484.270996
4483.641602
4486.261230
4489.021484
4491.036621
4479.932617
4481.306152
4483.256348
4490.552734
4479.159668
4482.421875
4488.238770
4486.314941
4484.653809
4480.497070
4486.421875
4484.976563
4480.094727
4479.384277
4478.997559
4474.232422
4483.722168
4479.608887
4497.983398
4480.782715
4480.313965
4484.489746
4483.971191
4487.161133
4481.711914
4476.873535
4483.791016
4496.495117
4490.281738
4486.159668
4482.612793
4477.827148
4486.359863
4483.991699
4480.292969
4485.693848
4490.389160
4482.838379
4482.810547
4485.370117
4489.215820
4482.428711
4492.980469
4486.268555
4475.562500
4491.130859
4491.043457
4477.115723
4483.212402
4485.001953
4485.169922
4488.766113
4478.000977
4483.147461
4478.599609
4474.192871
4476.743164
4476.542480
4488.919434
4483.441895
4479.437988
4486.209961
4476.244629
4484.709473
4483.883789
4474.209961
4484.395996
4474.547363
4469.136719
4476.458984
4481.925293
4486.504883
4476.847656
4483.260254
4480.229980
4492.742676
4489.567871
4476.928711
4477.682129
4478.416992
4490.917969
4485.027832
4485.746094
4491.620117
4482.306641
4482.322754
4974.006348
4480.302246
4482.839844
4489.131348
4493.363770
4485.476074
4482.115723
4482.863770
4478.434082
4474.266113
4485.039551
4481.038086
4484.401367
4477.865723
4479.491211
4489.228516
4469.658203
4473.876465
4479.804688
4470.841309
4471.058594
4476.721680
4477.003906
4476.860840
4470.940430
4475.329102
4473.792480
4472.100586
4477.540039
4477.190918
4488.899902
4476.725586
4483.317383
4471.021973
4473.928223
4478.479004
4468.259766
4488.469727
4483.795410
4492.867188
4478.512695
4471.332031
4473.717773
4480.841309
4473.432617
4474.069336
4469.229980
4476.824219
4492.596191
4488.716309
4479.699707
4488.027832
4476.676758
4474.601563
4480.934082
4475.525391
4469.693359
4479.550293
4488.476563
4486.166016
4474.745605
4477.595703
4482.138184
4478.812988
4479.635742
4482.416504
4480.561035
4500.718750
4488.889160
4477.215332
4482.369141
4481.397461
4483.426758
4484.042969
4475.031250
4484.572754
4483.546875
4488.940918
4466.259766
4491.566895
4480.679199
4480.731934
4481.087402
4482.456055
4487.269531
4482.856445
4486.749023
4482.309570
4487.028809
4483.876953
4484.630859
4486.026855
4477.756836
4486.540039
4494.114258
4488.866699
4479.399414
4483.545410
4477.567383
4482.779297
4480.763184
4484.686523
4484.846680
4476.557617
4488.940918
4478.268555
4481.171387
4479.374512
4485.605469
4483.005859
4478.398438
4481.810547
4488.738281
4484.530273
4488.973145
4485.276367
4476.370605
4483.436035
4480.794434
4482.729492
4484.419922
4484.590332
4475.645996
4491.878906
4479.926270
4485.211914
4488.017578
4481.469727
4477.270996
4488.160645
4473.171387
4483.404297
4482.152344
4486.213379
4480.663086
4480.399414
4483.082031
4486.997070
4490.712891
4480.543945
4472.948242
4490.868164
4472.812500
4496.265625
4487.074219
4482.129395
4480.779785
4492.442871
4478.997559
4476.627441
4491.698730
4483.998535
4481.432617
4470.806152
4485.196777
4481.346680
4484.666504
4484.011230
4493.715332
4484.553223
4476.491699
4488.324707
4489.880859
4484.355957
4492.671875
4503.270996
4492.022949
4487.231934
4487.619141
4484.359863
4483.575684
4478.183594
4480.160645
4478.251465
4483.030273
4490.820801
4491.466309
4482.516602
4481.443359
4488.802246
4475.262695
4476.456055
4484.240723
4473.590820
4481.604492
4491.363281
4482.964844
4481.331543
4483.008789
4482.012207
4488.049805
4477.177246
4487.731934
4483.067383
4486.372070
4475.738770
4481.489258
4492.264648
4473.475098
4470.876953
4487.502441
4484.566406
4483.641602
4483.974121
4469.937012
4478.262695
4499.625977
4481.982910
4482.833008
4492.728027
