134.253540
63.011169
65.233086
64.641891
64.954338
62.750751
66.058975
67.653282
58.821568
62.518143
60.422527
61.600769
61.205921
64.028702
63.015713
62.443039
62.260098
60.078239
58.779938
59.491295
60.098911
60.176353
59.665695
113.426048
66.198685
65.666115
62.502113
64.471710
64.693054
63.954464
65.334396
67.581406
63.770241
64.211266
66.345665
68.902275
64.240547
65.848770
64.927231
64.297279
65.468323
65.712578
65.311134
67.454018
63.814655
65.230850
64.855553
65.520676
65.471809
64.191650
62.802238
62.328224
67.738243
65.191330
64.823036
65.757408
66.723328
63.103554
64.863266
64.339424
66.301086
63.880543
65.002625
63.731903
63.074272
64.215363
63.482178
63.659359
66.649567
64.532738
63.151264
66.606621
66.998878
65.103996
64.402786
63.683041
63.112255
65.159454
63.671200
62.443615
65.198784
63.179871
63.314274
66.314560
66.586594
66.208481
65.484512
65.217918
65.036354
63.308514
68.978271
63.747486
114.932770
61.938015
64.048286
66.563904
62.091518
65.659454
66.355042
64.392799
63.240704
62.668159
62.704544
64.649666
61.340065
64.762527
63.960770
62.468929
62.869823
62.945663
61.420513
65.637535
62.902527
61.821182
64.903549
62.935200
67.416161
65.851837
62.822624
63.270752
67.098755
65.639709
64.347748
64.086624
62.808514
61.953026
62.875584
61.905216
61.549278
64.231293
63.313313
64.773506
61.237122
62.262112
62.238655
62.411072
63.207649
61.799488
65.040642
62.969311
62.629215
64.662209
68.630463
69.147652
67.128960
66.174019
63.055138
65.008896
63.947071
62.345375
65.430557
64.489410
65.275711
63.782658
63.012993
66.450272
67.553955
65.139938
64.908478
64.612579
65.803551
63.910240
64.687614
63.624641
61.002560
63.674465
63.074272
65.552284
65.703842
64.780098
63.332577
65.086113
64.154755
64.059235
64.459839
63.520481
63.861664
64.935104
64.507874
64.607613
64.662048
65.369537
62.250786
61.967297
64.375458
63.588417
61.623329
66.367104
62.435650
64.630272
64.355743
64.267395
63.178207
65.768768
62.117214
62.034431
65.179939
62.972416
63.573151
62.806946
64.813889
63.668640
68.673088
65.013123
62.511711
68.889214
63.542526
63.088097
64.193604
62.096863
61.512096
66.893341
62.581665
65.587486
62.983841
63.473919
64.544258
65.841377
64.064896
63.230530
63.624641
64.619362
61.871872
61.270306
63.171646
63.888321
62.606495
66.607140
62.834049
63.467583
65.852318
62.780094
62.925217
62.745056
62.829697
62.858658
63.943489
63.742847
65.322304
63.850655
64.643677
61.865887
62.562687
62.482273
65.604706
61.958111
62.837826
64.935997
62.100288
63.873249
67.569283
62.716927
65.725021
60.936863
60.610306
65.096992
62.785568
62.035458
66.933342
64.721375
65.161568
65.143555
63.606590
66.626465
67.298431
62.504929
61.587296
63.564735
62.064865
63.248798
63.410526
63.274178
63.760704
64.210114
64.234337
61.886784
62.150944
64.717697
63.112255
61.982529
62.715454
62.456898
61.802879
63.207649
61.623810
62.556831
66.507263
62.610111
61.251072
67.256989
63.439968
63.174625
64.698944
64.166435
63.990658
61.485058
64.668098
62.114880
64.418114
63.555553
61.773407
61.909599
62.639809
62.643776
65.070976
65.404610
61.871136
62.476063
63.843712
62.934238
62.458015
64.645569
61.900478
63.776382
63.473598
61.854591
63.404064
62.533375
66.618462
