132.738205
70.571747
69.745949
70.972420
67.914787
71.219299
70.621727
74.021309
64.987488
67.346848
65.028221
68.617439
66.172195
65.997757
67.028992
66.804733
64.861664
67.031906
66.715073
67.934082
65.657661
68.433121
65.351456
127.922112
71.551903
68.607361
72.466972
71.360703
71.665085
70.134560
70.358559
74.344193
71.905342
69.145378
71.511902
71.510017
69.246750
73.026016
69.324448
73.313728
73.873596
73.267357
70.446976
69.609695
71.615967
70.416573
72.687805
68.354851
73.878883
73.804802
68.987389
71.893791
70.291779
69.483932
73.092995
70.840355
71.432289
69.464638
68.473763
71.284706
70.222816
70.536575
69.377182
72.054276
69.461823
70.034142
70.303391
69.883453
71.036385
70.217567
70.931267
74.738625
69.439713
69.191772
73.211426
70.653023
70.187103
71.931808
68.853760
72.194077
71.718849
69.960159
71.948448
71.157120
70.622627
72.718178
68.785347
72.588318
118.652481
69.248253
71.944412
71.160896
67.512962
72.604065
69.231712
71.838814
69.948318
67.486206
68.675743
69.584450
69.790436
69.811684
68.313988
71.340195
67.208893
69.861984
68.054848
70.890274
69.266434
70.433060
69.614014
70.320610
72.960480
69.745316
68.489662
70.101471
69.889854
69.042114
68.767105
70.470627
71.480003
69.954620
68.756126
67.755966
71.295006
68.886208
71.931519
68.811966
71.926941
67.733887
70.024704
70.434364
68.543678
71.445694
69.653793
68.672287
70.205406
70.551262
70.251076
73.279266
67.162338
68.920418
70.974846
67.494972
72.047005
70.230270
68.815613
69.447197
70.395203
68.278915
68.853920
70.502304
68.960579
70.300705
68.165504
68.888672
71.276192
68.140671
68.848450
71.797340
68.563423
69.090561
71.970848
69.831619
68.847870
70.185471
69.500481
67.052284
73.004578
69.484642
71.833122
69.425667
67.937538
69.431999
69.813828
67.498116
70.290947
72.473152
70.178398
71.067360
67.923203
68.647873
69.917633
68.304222
70.298782
70.335518
66.908829
70.510590
69.833374
69.340225
68.979362
71.372223
70.216835
69.062592
70.470047
69.791649
76.842690
69.775330
71.518684
73.874496
72.533981
70.487518
73.335487
68.485374
70.550880
71.410782
70.567551
73.272575
69.970078
69.857758
68.849152
69.832001
71.090721
68.265953
67.354492
67.684639
70.329597
71.256927
69.166496
68.420189
71.607170
69.418556
69.941277
70.833153
70.612930
70.566628
68.957664
73.596191
68.887970
66.742210
71.571777
69.711327
70.408577
71.400452
69.459358
69.302338
72.166046
67.705116
68.804413
71.544670
68.408257
67.886948
70.060066
67.251549
70.259842
72.292290
68.437759
68.880287
69.630112
68.138977
73.203583
69.452896
70.527107
69.233727
68.740417
69.523453
68.579903
69.397156
70.846466
70.966049
70.014786
69.112099
71.603554
70.540192
67.552925
72.151901
69.929825
67.592545
71.200768
68.036636
69.779457
69.853027
69.231392
67.892387
70.751328
73.616066
69.921471
71.671165
68.764771
68.726753
68.938271
69.327103
69.434013
69.293533
67.072510
69.302177
70.436707
69.746590
69.503006
69.821732
68.513634
72.725822
72.704193
68.609184
69.546051
69.032608
69.261505
70.269569
69.982529
67.919586
70.465187
70.240959
71.924995
69.987968
67.759583
68.504387
68.486877
69.324158
67.761375
69.556450
67.947037
72.707901
71.025917
68.271774
72.356865
68.993568
72.342178
78.688995
69.329948
69.423134
70.908386
71.164093
73.607071
68.194946
70.695328
69.749664
69.289566
68.373856
69.744865
73.749214
69.285088
67.856483
71.672707
69.397156
68.631294
70.643936
67.696129
69.536224
71.095100
68.591232
71.007172
69.194206
68.204193
72.525826
68.759491
69.643677
70.349121
69.936417
66.434143
72.180222
